16 16 32
16 464 32
48 16 32
48 464 32
80 16 32
80 464 32
112 16 32
112 464 32
144 16 32
144 464 32
176 16 32
176 464 32
208 16 32
208 464 32
240 16 32
240 464 32
272 16 32
272 464 32
304 16 32
304 464 32
336 16 32
336 464 32
368 16 32
368 464 32
400 16 32
400 464 32
432 16 32
432 464 32
464 16 32
464 464 32
16 48 32
464 48 32
16 80 32
464 80 32
16 112 32
464 112 32
16 144 32
464 144 32
16 176 32
464 176 32
16 208 32
464 208 32
16 240 32
464 240 32
16 272 32
464 272 32
16 304 32
464 304 32
16 336 32
464 336 32
16 368 32
464 368 32
16 400 32
464 400 32
16 432 32
464 432 32
80 80 32
80 144 32
80 208 32
80 272 32
80 336 32
80 400 32
144 80 32
144 144 32
144 208 32
144 272 32
144 336 32
144 400 32
208 80 32
208 144 32
208 208 32
208 272 32
208 336 32
208 400 32
272 80 32
272 144 32
272 208 32
272 272 32
272 336 32
272 400 32
336 80 32
336 144 32
336 208 32
336 272 32
336 336 32
336 400 32
400 80 32
400 144 32
400 208 32
400 272 32
400 336 32
400 400 32
